 1014.00    19.40   0.8226
 1000.00    18.40   0.8427
  979.10    16.70   0.8741
  948.00    14.20   0.9188
  945.30    14.00   0.9247
  925.00    12.80   0.9302
  912.30    11.90   0.9548
  902.00    11.20   0.9673
  885.00    13.20   0.3803
  869.00    15.20   0.2883
  850.00    13.40   0.6255
  841.00    12.60   0.8820
  811.00    12.20   0.5807
  790.70    10.70   0.6642
  762.60     8.60   0.7974
  755.00     8.00   0.8422
  728.00     8.20   0.4249
  700.00     5.80   0.5239
  614.00    -1.30   0.9927
  611.50    -1.50   0.9927
  510.00    -9.70   0.9613
  508.00   -11.10   0.3649
  500.00   -11.50   0.3039
  485.70   -12.40   0.2345
  484.00   -12.50   0.2277
  476.00   -10.50   0.1941
  456.00   -12.10   0.2289
  400.00   -20.70   0.3668
  371.00   -25.70   0.5189
  366.70   -25.60   0.5345
  358.00   -25.50   0.5720
  311.00   -33.10   0.4010
  302.00   -33.90   0.0901
  300.00   -34.10   0.1827
  298.00   -34.10   0.2566
  257.00   -40.50   0.0731
  250.00   -41.70   0.0562
  248.00   -42.10   0.0484
  200.00   -53.30   0.1086
  152.00   -66.30   0.1714
  150.00   -63.90   0.1542
  129.00   -64.30   0.1115
  106.00   -74.30   0.1205
  100.00   -74.30   0.1205
   97.00   -74.30   0.1205
   93.70   -71.10   0.1306
