 1006.00    29.40   0.5841
 1000.00    28.80   0.5827
  975.00    25.60   0.6945
  972.40    26.00   0.6492
  966.00    27.00   0.5430
  939.80    26.00   0.5616
  925.00    25.40   0.5746
  908.30    24.90   0.5518
  867.00    23.60   0.5006
  850.00    22.20   0.4969
  790.50    17.40   0.5436
  763.20    15.00   0.5718
  718.00    11.00   0.6199
  700.00     9.40   0.6614
  614.10     1.40   0.8653
  588.00    -1.30   0.9568
  563.00    -1.90   0.6864
  553.00    -1.30   0.2204
  530.00    -4.30   0.6295
  519.00    -5.30   0.3836
  500.00    -7.50   0.5274
  495.00    -8.10   0.5711
  489.90    -7.70   0.1984
  487.00    -7.50   0.1046
  424.00   -15.30   0.1990
  417.00   -16.50   0.7242
  404.00   -18.10   0.7336
  400.00   -18.10   0.3418
  395.00   -18.10   0.1028
  386.00   -17.70   0.0752
  371.30   -20.00   0.0767
  328.00   -27.30   0.0833
  300.00   -32.30   0.1499
  275.00   -37.10   0.2762
  263.00   -38.30   0.1914
  250.00   -41.10   0.2060
  200.00   -54.10   0.2464
  184.00   -58.90   0.2632
  150.00   -64.50   0.2801
  122.00   -71.50   0.2952
  117.00   -69.90   0.2579
  100.00   -72.30   0.2917
   93.20   -70.70   0.2546
   78.80   -74.80   0.2717
