 1009.00    25.80   0.9199
 1000.00    25.00   0.9306
  975.30    23.20   0.9702
  959.00    22.00   0.9939
  942.00    21.30   0.9638
  925.00    20.60   0.9341
  911.00    20.20   0.9223
  910.00    20.30   0.9109
  898.00    21.20   0.8300
  850.00    18.40   0.6803
  842.00    18.00   0.6795
  810.00    15.40   0.9621
  791.40    14.30   0.9432
  763.40    12.60   0.9179
  700.00     8.40   0.8662
  614.00     2.20   0.7879
  611.00     2.00   0.7818
  517.00    -6.30   0.9550
  500.00    -7.50   0.8098
  489.80    -8.30   0.7287
  476.00    -9.30   0.6169
  469.00    -9.30   0.4044
  400.00   -18.70   0.6586
  387.00   -20.70   0.7282
  381.00   -19.70   0.4069
  371.10   -21.20   0.2140
  361.00   -22.70   0.1037
  356.00   -23.50   0.2928
  351.00   -24.30   0.1250
  341.00   -26.30   0.4247
  313.00   -31.10   0.2670
  300.00   -33.90   0.3208
  292.00   -35.70   0.3917
  265.00   -40.30   0.0765
  250.00   -42.90   0.0712
  200.00   -52.90   0.0526
  155.00   -64.70   0.0676
  150.00   -65.10   0.0668
  120.00   -69.10   0.0696
  100.00   -72.10   0.0754
   78.80   -73.00   0.0733
