 1009.00    24.60   0.9192
 1000.00    24.80   0.8705
  975.40    22.70   0.9013
  970.00    22.20   0.9122
  942.50    26.90   0.8068
  925.00    30.00   0.7461
  910.50    27.60   0.7467
  850.00    17.00   0.7579
  802.00    13.20   1.0000
  790.90    12.50   1.0000
  762.80    10.80   1.0000
  700.00     6.80   0.9932
  619.00     1.20   0.9928
  612.90     0.40   0.8643
  606.00    -0.50   0.7324
  571.00    -2.70   0.7567
  551.00    -2.70   0.3607
  546.00    -2.90   0.4991
  540.00    -3.50   0.2550
  532.00    -4.10   0.4956
  519.00    -5.30   0.2723
  501.00    -7.50   0.3167
  500.00    -7.70   0.4848
  499.00    -7.70   0.6210
  488.50    -8.40   0.3367
  476.00    -9.30   0.1489
  404.00   -17.50   0.0386
  400.00   -18.10   0.0425
  369.50   -22.50   0.0459
  322.00   -30.10   0.0539
  314.00   -30.70   0.3322
  300.00   -33.50   0.3590
  289.00   -35.90   0.3909
  284.00   -36.50   0.1224
  272.00   -38.90   0.3394
  250.00   -43.10   0.2255
  200.00   -53.90   0.0799
  151.00   -65.30   0.0784
  150.00   -65.30   0.0784
  130.00   -63.30   0.0707
  100.00   -71.30   0.0773
   87.90   -69.90   0.0808
   78.90   -72.30   0.0749
