 1017.0      5   16.4   14.7     90  10.44      0      0  288.2  317.5  290.0
 1005.0    105   18.2   14.6     80  10.50    318      4  290.9  320.8  292.8
 1000.0    147   18.0   14.6     81  10.55    300      5  291.1  321.2  293.0
  987.0    259   17.6   12.7     73   9.43    293      8  291.8  318.9  293.5
  974.0    373   18.4   10.7     61   8.33    285     11  293.8  317.9  295.2
  955.0    542   19.6    7.6     46   6.90    262     19  296.6  317.0  297.9
  949.0    596   19.3    6.7     44   6.52    255     22  296.8  316.2  298.0
  925.0    816   18.0    3.0     37   5.16    260     29  297.7  313.2  298.6
  916.0    899   17.3    2.3     37   4.96    260     31  297.8  312.8  298.7
  850.0   1531   12.0   -3.0     35   3.62    245     22  298.7  309.9  299.4
  847.0   1560   11.8   -3.2     35   3.59    240     21  298.8  309.8  299.4
  778.0   2256    5.8   -7.6     37   2.78    215     28  299.7  308.4  300.2
  729.0   2788    1.3  -11.0     40   2.27    230     27  300.4  307.6  300.8
  718.0   2913    0.2  -11.8     40   2.17    232     33  300.5  307.4  300.9
  700.0   3116   -0.5  -15.5     31   1.64    235     42  301.9  307.2  302.2
  691.0   3219   -0.5  -16.5     29   1.53    237     50  303.0  308.1  303.3
  675.0   3407    0.3  -23.3     15   0.87    240     64  306.0  309.0  306.1
  662.0   3563    1.0  -29.0      9   0.53    246     61  308.4  310.3  308.5
  624.0   4034   -1.7  -48.3      1   0.08    265     53  310.6  310.9  310.6
  621.0   4073   -1.9  -49.9      1   0.06    265     53  310.8  311.1  310.8
  586.0   4522   -5.5  -45.5      3   0.11    265     52  311.8  312.2  311.8
  546.0   5069  -10.0  -40.2      6   0.21    250     64  312.8  313.7  312.9
  500.0   5750  -15.5  -33.5     20   0.46    260     71  314.1  315.8  314.2
  483.0   6010  -17.9  -35.9     19   0.37    265     71  314.3  315.7  314.4
  477.0   6104  -18.7  -36.7     19   0.35    263     72  314.4  315.7  314.4
  423.0   6989  -24.0  -57.7      3   0.04    240     83  318.6  318.7  318.6
  400.0   7400  -26.5  -67.5      1   0.01    235     80  320.5  320.5  320.5
  396.0   7473  -27.3  -68.3      1   0.01    235     79  320.3  320.4  320.3
  393.0   7527  -27.5  -68.4      1   0.01    235     79  320.8  320.9  320.8
  358.0   8196  -29.7  -69.7      1   0.01    254     72  326.5  326.5  326.5
  324.0   8893  -35.9  -71.4      1   0.01    275     64  327.4  327.4  327.4
  300.0   9430  -40.7  -72.7      2   0.01    280     75  327.9  327.9  327.9
  288.0   9704  -43.5  -71.5      3   0.01    283     78  327.7  327.8  327.7
  281.0   9867  -44.3  -71.9      3   0.01    285     79  328.9  329.0  328.9
  250.0  10640  -47.9  -73.9      3   0.01    290    122  334.7  334.8  334.7
  234.0  11075  -49.7  -72.7      5   0.01    293    141  338.4  338.4  338.4
  227.0  11274  -50.7  -57.7     43   0.07    295    150  339.8  340.1  339.8
  204.0  11963  -55.3  -77.3      5   0.01    285    140  343.1  343.1  343.1
  200.0  12090  -55.1  -79.1      4   0.00    285    134  345.4  345.4  345.4
  185.0  12592  -51.5  -84.5      1   0.00    279    122  359.0  359.0  359.0
  166.0  13288  -53.6  -86.0      1   0.00    270    106  366.8  366.8  366.8
  155.0  13729  -54.9  -87.0      1   0.00    265     79  371.8  371.8  371.8
  150.0  13940  -55.5  -87.5      1   0.00    275     65  374.2  374.3  374.2
  146.0  14112  -56.1  -88.1      1   0.00    283     66  376.1  376.1  376.1
  140.0  14376  -58.3  -89.7      1   0.00    295     67  376.7  376.7  376.7
  128.0  14937  -63.1  -93.1      1   0.00    305     73  377.9  377.9  377.9
  120.0  15333  -63.8  -93.5      1   0.00    290     79  383.7  383.7  383.7
  106.0  16093  -65.1  -94.3      1   0.00    255     48  395.1  395.1  395.1
  100.0  16450  -65.7  -94.7      1   0.00    270     30  400.5  400.5  400.5
   94.0  16823  -67.6  -96.0      1   0.00    290     35  404.0  404.0  404.0
   88.7  17173  -69.3  -97.3      1   0.00    295     48  407.3  407.3  407.3
   88.0  17221  -69.0  -97.1      1   0.00    295     50  408.9  408.9  408.9
   86.0  17361  -68.0  -96.5      1   0.00    280     53  413.5  413.5  413.5
   81.0  17727  -65.6  -94.9      1   0.00    255     40  425.6  425.6  425.6
   73.0  18361  -61.3  -92.1      1   0.00    255     19  447.4  447.5  447.4
   71.9  18454  -60.7  -91.7      1   0.00    269     15  450.7  450.7  450.7
   71.0  18532  -61.2  -91.7      1   0.00    280     11  451.3  451.4  451.3
   70.0  18620  -61.7  -91.7      1   0.00    290     11  452.0  452.1  452.0
   69.0  18708  -62.4  -92.2      1   0.00    295     12  452.4  452.4  452.4
   65.0  19073  -65.3  -94.4      1   0.00    310     24  453.8  453.8  453.8
   64.5  19120  -65.7  -94.7      1   0.00    308     25  454.0  454.0  454.0
   55.0  20103  -58.3  -89.3      1   0.00    265     38  492.1  492.1  492.1
   54.0  20218  -58.4  -89.4      1   0.00    260     40  494.4  494.4  494.4
   50.0  20700  -58.9  -89.9      1   0.00    245     22  504.2  504.3  504.2
   49.0  20826  -59.1  -90.1      1   0.00    230     12  506.8  506.8  506.8
   48.0  20956  -59.2  -90.2      1   0.00    270      8  509.4  509.4  509.4
   45.0  21359  -59.7  -90.7      1   0.00      5     11  517.7  517.7  517.7
   41.0  21942  -60.4  -91.4      1   0.00    295     14  529.8  529.8  529.8
   40.7  21988  -60.5  -91.5      1   0.00    294     15  530.8  530.8  530.8
   38.0  22418  -59.6  -90.6      1   0.00    280     23  543.6  543.7  543.6
   37.0  22585  -59.2  -90.2      1   0.00    295     21  548.7  548.8  548.7
   36.0  22756  -58.9  -89.8      1   0.00    280     19  554.0  554.0  554.0
   35.6  22826  -58.7  -89.7      1   0.00    286     21  556.2  556.2  556.2
   35.0  22935  -57.3  -88.8      1   0.00    295     25  562.5  562.5  562.5
   33.4  23232  -53.5  -86.5      1   0.01    267     22  580.1  580.2  580.1
   33.0  23310  -53.8  -86.7      1   0.01    260     21  581.4  581.4  581.4
   30.4  23836  -55.7  -87.7      1   0.01    269     24  590.0  590.0  590.0
   30.0  23920  -55.5  -87.5      1   0.01    270     24  592.7  592.8  592.8
   29.0  24137  -55.1  -87.3      1   0.01    255     20  599.6  599.7  599.6
   28.0  24362  -54.7  -87.0      1   0.01    280     22  606.8  606.9  606.8
   24.0  25350  -52.9  -85.9      1   0.01                639.3  639.4  639.3