<HTML>
<TITLE>University of Wyoming - Radiosonde Data</TITLE>
<LINK REL="StyleSheet" HREF="/resources/select.css" TYPE="text/css">
<BODY BGCOLOR="white">
<H2>83971 SBPA Porto Alegre Observations at 12Z 23 Dec 1995</H2>
<PRE>
-----------------------------------------------------------------------------
   PRES   HGHT   TEMP   DWPT   RELH   MIXR   DRCT   SKNT   THTA   THTE   THTV
    hPa      m      C      C      %   g/kg    deg   knot      K      K      K 
-----------------------------------------------------------------------------
 1009.0      3   25.8   24.4     92  19.39    100      4  298.2  354.8  301.6
 1000.0     83   25.0   23.8     93  18.86    135      3  298.1  353.2  301.5
  975.3    300   23.2   22.7     97  18.04    195      8  298.5  351.2  301.7
  959.0    446   22.0   21.9     99  17.49    212     11  298.7  349.8  301.8
  942.0    600   21.3   20.7     96  16.54    230     15  299.5  348.0  302.5
  925.0    757   20.6   19.5     93  15.60    230     21  300.4  346.3  303.2
  911.0    891   20.2   18.9     92  15.25    235     22  301.3  346.3  304.0
  910.0    900   20.3   18.8     92  15.22    235     22  301.4  346.4  304.2
  898.0   1017   21.2   18.2     83  14.80    237     23  303.5  347.7  306.2
  850.0   1497   18.4   12.4     68  10.71    245     25  305.4  337.8  307.4
  842.0   1578   18.0   12.0     68  10.52    246     25  305.8  337.7  307.7
  810.0   1906   15.4   14.8     96  13.18    248     28  306.5  346.3  308.9
  791.4   2100   14.3   13.4     95  12.34    250     29  307.3  344.8  309.6
  763.4   2400   12.6   11.3     92  11.13    250     31  308.6  342.7  310.7
  700.0   3122    8.4    6.3     87   8.59    245     29  311.8  338.6  313.4
  614.0   4200    2.2   -1.1     78   5.75    245     11  316.6  335.1  317.7
  611.0   4241    2.0   -1.4     78   5.66    245     11  316.7  335.0  317.8
  517.0   5577   -6.3   -6.9     95   4.42    262     17  322.2  336.9  323.1
  500.0   5840   -7.5  -10.2     81   3.53    265     18  323.8  335.8  324.5
  489.8   6000   -8.3  -12.3     72   3.03    260     16  324.8  335.2  325.4
  476.0   6221   -9.3  -15.3     62   2.45    252     16  326.2  334.7  326.7
  469.0   6335   -9.3  -20.3     40   1.63    248     15  327.6  333.4  327.9
  400.0   7540  -18.7  -23.5     66   1.44    205     13  330.6  335.8  330.9
  387.0   7787  -20.7  -24.3     73   1.39    190     16  331.1  336.2  331.4
  381.0   7904  -19.7  -29.7     41   0.86    182     17  333.9  337.1  334.1
  371.1   8100  -21.2  -37.6     22   0.41    170     19  334.5  336.1  334.6
  361.0   8304  -22.7  -45.7     10   0.18    176     18  335.1  335.8  335.1
  356.0   8407  -23.5  -36.5     29   0.47    180     17  335.3  337.2  335.4
  351.0   8511  -24.3  -45.3     13   0.19    183     16  335.6  336.4  335.7
  341.0   8722  -26.3  -35.3     43   0.56    190     15  335.7  337.9  335.8
  313.0   9339  -31.1  -44.1     27   0.24    210     11  337.3  338.3  337.4
  300.0   9640  -33.9  -44.9     32   0.23    220      9  337.5  338.4  337.5
  292.0   9827  -35.7  -44.7     39   0.25    223      9  337.5  338.5  337.6
  265.0  10489  -40.3  -62.3      8   0.03    234     10  340.3  340.5  340.3
  250.0  10880  -42.9  -64.9      7   0.03    240     10  342.2  342.3  342.2
  200.0  12350  -52.9  -74.9      6   0.01    130     25  348.8  348.9  348.8
  155.0  13959  -64.7  -82.7      7   0.00    117     35  355.1  355.1  355.1
  150.0  14160  -65.1  -83.1      7   0.00    115     36  357.7  357.8  357.7
  120.0  15512  -69.1  -86.1      7   0.00     98     21  374.0  374.0  374.0
  100.0  16598  -72.1  -88.1      8   0.00     85      8  388.2  388.2  388.2
   78.8  18000  -73.0  -89.0      8   0.00     50      6  413.6  413.6  413.6
   72.6  18485  -73.3  -89.3      8   0.00    337      3  422.8  422.8  422.8
   70.0  18700  -71.5  -87.5      8   0.00    305      2  431.1  431.1  431.1
   56.9  19942  -65.3  -84.3      6   0.01    287      8  471.4  471.5  471.4
   50.0  20730  -64.5  -83.5      6   0.01    275     11  491.1  491.1  491.1
   47.8  21000  -64.3  -83.3      6   0.01    270     12  497.7  497.8  497.7
   47.6  21032  -64.3  -83.3      6   0.01    270     12  498.5  498.6  498.5
   43.3  21617  -61.3  -81.3      6   0.01    271     14  519.5  519.6  519.5
   40.1  22099  -57.3  -78.3      6   0.02    272     15  541.1  541.3  541.1
   32.0  23529  -57.7  -79.7      5   0.02    274     18  576.0  576.2  576.0
   30.0  23940  -55.5  -77.5      5   0.04    275     19  592.7  593.0  592.8
   29.7  24000  -55.2  -77.4      5   0.04    270     20  595.1  595.4  595.1
   28.3  24313  -53.7  -76.7      5   0.04    270     20  607.7  608.1  607.7
   25.6  24956  -53.3  -77.3      4   0.04    270     20  626.5  626.9  626.5
   20.0  26560  -48.3  -73.3      4   0.10    270     20  687.6  688.5  687.6
   19.8  26626  -48.1  -74.1      4   0.09    270     20  690.2  691.0  690.2
</PRE>
Station identifier: SBPA
Station number: 83971
Observation time: 951223/1200
Station latitude: -30.00
Station longitude: -51.18
Station elevation: 3.0
</HTML>
