<HTML>
<TITLE>University of Wyoming - Radiosonde Data</TITLE>
<LINK REL="StyleSheet" HREF="/resources/select.css" TYPE="text/css">
<BODY BGCOLOR="white">
<H2>83971 SBPA Porto Alegre Observations at 12Z 12 Dec 1995</H2>
<PRE>
-----------------------------------------------------------------------------
   PRES   HGHT   TEMP   DWPT   RELH   MIXR   DRCT   SKNT   THTA   THTE   THTV
    hPa      m      C      C      %   g/kg    deg   knot      K      K      K 
-----------------------------------------------------------------------------
 1014.0      3   19.4   16.3     82  11.56    180      8  291.4  324.2  293.4
 1000.0    119   18.4   15.7     84  11.28    170     10  291.5  323.6  293.5
  979.1    300   16.7   14.6     87  10.72    165     12  291.6  322.2  293.5
  948.0    576   14.2   12.9     92   9.91    170     11  291.8  320.1  293.5
  945.3    600   14.0   12.8     92   9.84    170     11  291.8  320.0  293.6
  925.0    784   12.8   11.7     93   9.37    160      9  292.4  319.3  294.0
  912.3    900   11.9   11.2     95   9.16    170      9  292.6  319.0  294.3
  902.0    995   11.2   10.7     97   8.99    177      9  292.9  318.7  294.4
  885.0   1155   13.2   -0.8     38   4.08    189      9  296.5  308.8  297.3
  869.0   1308   15.2   -2.8     29   3.58    201      9  300.2  311.2  300.8
  850.0   1495   13.4    6.4     63   7.11    215      9  300.2  321.4  301.5
  841.0   1584   12.6   10.7     88   9.65    217     10  300.2  328.9  302.0
  811.0   1889   12.2    4.2     58   6.39    225     16  303.0  322.4  304.1
  790.7   2100   10.7    4.7     66   6.77    230     19  303.6  324.1  304.8
  762.6   2400    8.6    5.3     80   7.35    235     22  304.4  326.8  305.8
  755.0   2484    8.0    5.5     84   7.53    236     22  304.7  327.5  306.0
  728.0   2784    8.2   -3.8     42   3.97    240     21  308.1  320.6  308.8
  700.0   3106    5.8   -3.2     52   4.32    245     21  308.9  322.5  309.7
  614.0   4168   -1.3   -1.4     99   5.64    255     34  312.5  330.4  313.6
  611.5   4200   -1.5   -1.6     99   5.58    255     34  312.7  330.4  313.7
  510.0   5628   -9.7  -10.2     96   3.46    264     25  319.3  330.8  320.0
  508.0   5658  -11.1  -23.1     36   1.17    264     25  318.0  322.1  318.2
  500.0   5780  -11.5  -25.5     30   0.96    265     24  319.0  322.4  319.1
  485.7   6000  -12.4  -29.1     24   0.71    265     26  320.5  323.1  320.6
  484.0   6027  -12.5  -29.5     23   0.69    265     27  320.7  323.2  320.8
  476.0   6154  -10.5  -29.5     19   0.70    263     29  324.7  327.3  324.8
  456.0   6481  -12.1  -29.1     23   0.76    260     35  326.7  329.5  326.9
  400.0   7460  -20.7  -31.7     37   0.67    250     55  328.0  330.5  328.1
  371.0   8014  -25.7  -32.7     52   0.66    259     54  328.5  331.0  328.6
  366.7   8100  -25.6  -32.3     54   0.69    260     54  329.7  332.3  329.8
  358.0   8275  -25.5  -31.5     57   0.77    256     55  332.1  335.0  332.3
  311.0   9286  -33.1  -42.1     40   0.31    235     62  335.1  336.4  335.2
  302.0   9493  -33.9  -55.9      9   0.07    231     64  336.8  337.1  336.9
  300.0   9540  -34.1  -50.1     18   0.13    230     64  337.2  337.7  337.2
  298.0   9587  -34.1  -47.1     26   0.19    231     65  337.8  338.6  337.9
  257.0  10609  -40.5  -62.8      8   0.03    260     79  343.0  343.1  343.0
  250.0  10800  -41.7  -65.7      6   0.02    260     78  343.9  344.0  343.9
  248.0  10853  -42.1  -67.1      5   0.02    262     76  344.1  344.2  344.1
  200.0  12250  -53.3  -70.3     11   0.02    305     28  348.2  348.3  348.2
  152.0  13988  -66.3  -78.3     18   0.01    253     69  354.3  354.4  354.3
  150.0  14070  -63.9  -76.9     16   0.01    250     71  359.8  359.8  359.8
  129.0  14995  -64.3  -79.3     12   0.01    250     60  374.9  375.0  374.9
  106.0  16170  -74.3  -87.3     13   0.00    250     45  377.6  377.6  377.6
  100.0  16510  -74.3  -87.3     13   0.00    250     45  383.9  383.9  383.9
   97.0  16687  -74.3  -87.3     13   0.00    245     41  387.3  387.3  387.3
   93.7  16890  -71.1  -84.1     14   0.00    238     37  397.4  397.4  397.4
   77.6  18000  -72.6  -85.6     13   0.00    205     14  416.3  416.3  416.3
   76.7  18070  -72.7  -85.7     13   0.00    207     14  417.5  417.5  417.5
   70.0  18610  -70.1  -84.1     12   0.01    220     14  434.1  434.1  434.1
   50.5  20598  -61.1  -79.1      8   0.02     84      9  497.7  497.8  497.7
   50.0  20660  -61.1  -79.1      8   0.02     80      9  499.1  499.2  499.1
   47.3  21000  -60.7  -79.4      7   0.02     65     10  507.9  508.0  507.9
   39.1  22192  -59.3  -80.3      5   0.02     67     20  539.9  540.1  539.9
   30.5  23773  -51.9  -75.9      4   0.04     70     33  599.7  600.1  599.7
   30.0  23880  -51.7  -75.7      4   0.05     70     34  603.1  603.5  603.1
   29.5  24000  -51.6  -75.6      4   0.05     65     35  606.5  606.9  606.5
   25.6  24910  -51.1  -75.1      4   0.06     65     35  632.8  633.3  632.8
   25.3  24986  -51.3  -75.3      4   0.06     65     35  634.3  634.9  634.3
</PRE>
Station identifier: SBPA
Station number: 83971
Observation time: 951212/1200
Station latitude: -30.00
Station longitude: -51.18
Station elevation: 3.0
</HTML>
