<HTML>
<TITLE>University of Wyoming - Radiosonde Data</TITLE>
<LINK REL="StyleSheet" HREF="/resources/select.css" TYPE="text/css">
<BODY BGCOLOR="white">
<H2>83971 SBPA Porto Alegre Observations at 12Z 24 Dec 1995</H2>
<PRE>
-----------------------------------------------------------------------------
   PRES   HGHT   TEMP   DWPT   RELH   MIXR   DRCT   SKNT   THTA   THTE   THTV
    hPa      m      C      C      %   g/kg    deg   knot      K      K      K 
-----------------------------------------------------------------------------
 1009.0      3   24.6   23.2     92  18.01    110     10  297.0  349.2  300.2
 1000.0     84   24.8   22.5     87  17.40     80     17  297.9  348.6  301.0
  975.4    300   22.7   21.0     90  16.28     70     26  297.9  345.3  300.8
  970.0    348   22.2   20.7     91  16.03     69     28  297.9  344.6  300.8
  942.5    600   26.9   23.3     81  19.44     65     38  305.2  363.7  308.7
  925.0    764   30.0   25.0     75  22.02     60     44  310.0  377.8  314.0
  910.5    900   27.6   22.7     75  19.41     60     45  308.9  368.2  312.5
  850.0   1493   17.0   12.7     76  10.92     60     39  303.9  336.7  305.9
  802.0   1984   13.2   13.2    100  11.98     52     25  305.0  341.0  307.2
  790.9   2100   12.5   12.5    100  11.62     50     22  305.5  340.6  307.6
  762.8   2400   10.8   10.8    100  10.73     50     17  306.8  339.5  308.8
  700.0   3112    6.8    6.7     99   8.84     45     18  310.0  337.3  311.6
  619.0   4120    1.2    1.1     99   6.72     40     23  314.6  336.0  315.9
  612.9   4200    0.4   -1.6     86   5.56     40     23  314.6  332.4  315.7
  606.0   4291   -0.5   -4.7     73   4.46     40     23  314.6  329.0  315.4
  571.0   4768   -2.7   -6.4     76   4.15     38     23  317.4  331.0  318.2
  551.0   5052   -2.7  -15.7     36   2.04     37     24  320.7  327.7  321.1
  546.0   5125   -2.9  -11.9     50   2.82     37     24  321.3  330.8  321.8
  540.0   5213   -3.5  -20.5     25   1.39     37     24  321.6  326.4  321.8
  532.0   5331   -4.1  -13.1     50   2.62     37     24  322.2  331.2  322.7
  519.0   5527   -5.3  -21.3     27   1.35     36     24  323.1  327.8  323.3
  501.0   5804   -7.5  -21.5     32   1.37     35     24  323.6  328.5  323.9
  500.0   5820   -7.7  -16.7     48   2.07     35     24  323.6  330.8  324.0
  499.0   5836   -7.7  -13.7     62   2.66     35     24  323.8  332.9  324.3
  488.5   6000   -8.4  -21.6     34   1.39     30     24  324.9  329.8  325.1
  476.0   6201   -9.3  -31.3     15   0.59     31     25  326.2  328.4  326.3
  404.0   7446  -17.5  -50.5      4   0.09     35     32  331.2  331.6  331.2
  400.0   7520  -18.1  -50.1      4   0.10     35     32  331.4  331.8  331.4
  369.5   8100  -22.5  -52.7      5   0.08     35     30  333.1  333.5  333.2
  322.0   9107  -30.1  -57.1      5   0.05     18     19  336.0  336.2  336.0
  314.0   9287  -30.7  -41.7     33   0.32     15     17  337.6  338.8  337.6
  300.0   9610  -33.5  -43.5     36   0.27     10     14  338.0  339.2  338.1
  289.0   9868  -35.9  -44.9     39   0.24     11     17  338.2  339.2  338.3
  284.0   9988  -36.5  -55.5     12   0.07     12     18  339.1  339.4  339.1
  272.0  10283  -38.9  -48.9     34   0.17     13     22  339.8  340.5  339.8
  250.0  10850  -43.1  -56.1     23   0.08     15     29  341.9  342.2  341.9
  200.0  12320  -53.9  -72.9      8   0.01     15     29  347.3  347.3  347.3
  151.0  14089  -65.3  -82.3      8   0.00     15     29  356.7  356.7  356.7
  150.0  14130  -65.3  -82.3      8   0.00     15     29  357.4  357.4  357.4
  130.0  15003  -63.3  -81.3      8   0.00     15     29  375.9  375.9  375.9
  100.0  16580  -71.3  -87.3      8   0.00     15     29  389.7  389.7  389.7
   87.9  17344  -69.9  -85.9      9   0.00     15     29  407.1  407.2  407.1
   78.9  17983  -72.3  -88.3      8   0.00     15     29  414.9  415.0  414.9
   70.0  18690  -69.9  -86.9      7   0.00     15     29  434.5  434.5  434.5
   55.5  20083  -67.5  -85.5      7   0.01     15     29  469.8  469.8  469.8
   50.0  20720  -63.3  -82.3      6   0.01     15     29  493.9  494.0  493.9
   42.6  21714  -59.1  -80.1      5   0.02     15     29  527.4  527.5  527.4
   32.6  23388  -59.5  -82.5      4   0.01     15     29  568.2  568.3  568.2
   30.6  23787  -57.1  -81.1      4   0.02     15     29  585.1  585.2  585.1
</PRE>
Station identifier: SBPA
Station number: 83971
Observation time: 951224/1200
Station latitude: -30.00
Station longitude: -51.18
Station elevation: 3.0
</HTML>
