University of Wyoming - Radiosonde Data

## 83899 SBFL Florianopolis Observations at 12Z 26 Sep 2016

    
    
    -----------------------------------------------------------------------------
       PRES   HGHT   TEMP   DWPT   RELH   MIXR   DRCT   SKNT   THTA   THTE   THTV
        hPa     m      C      C      %    g/kg    deg   knot     K      K      K 
    -----------------------------------------------------------------------------
     1020.0      5   16.4    9.4     63   7.30    120      1  287.9  308.7  289.2
     1000.0    176   14.0    9.1     72   7.30    290      2  287.1  307.8  288.4
      976.0    381   12.0    8.4     79   7.13    293      4  287.1  307.4  288.4
      925.0    829    9.4    7.7     89   7.17    300      7  288.9  309.4  290.2
      909.0    973    8.6    6.7     88   6.82    290     10  289.5  309.1  290.7
      889.0   1157    7.5    5.4     87   6.38    290     12  290.2  308.7  291.4
      876.0   1279    6.8    4.6     86   6.10    293      9  290.7  308.4  291.8
      863.0   1402    7.2    2.4     72   5.30    297      5  292.4  308.0  293.3
      857.0   1459    8.2   -5.8     37   2.91    298      4  294.0  302.9  294.6
      851.0   1517    8.5   -8.9     28   2.31    300      2  295.0  302.1  295.4
      850.0   1527    8.6   -9.4     27   2.22    300      2  295.1  302.1  295.5
      828.0   1744    9.4  -28.6      5   0.44    271      5  298.2  299.7  298.3
      777.0   2265    7.6  -34.9      3   0.26    200     11  301.8  302.7  301.8
      749.0   2567    6.6  -38.5      2   0.19    220     16  303.8  304.5  303.9
      708.0   3029    5.0  -44.0      1   0.11    224     23  307.0  307.4  307.0
      700.0   3121    4.2  -44.8      1   0.10    225     25  307.1  307.5  307.1
      682.0   3326    2.8  -43.8      2   0.12    230     29  307.8  308.3  307.9
      609.0   4217   -3.3  -39.5      4   0.21    230     23  310.9  311.7  311.0
      500.0   5770  -13.9  -31.9     20   0.53    230     34  316.0  318.0  316.1
      472.0   6203  -16.9  -30.5     30   0.64    220     37  317.6  319.9  317.7
      468.0   6267  -17.3  -30.3     31   0.66    222     37  317.8  320.2  318.0
      447.0   6608  -19.7  -42.7     11   0.20    231     37  319.0  319.8  319.1
      441.0   6708  -20.3  -39.3     17   0.29    234     37  319.5  320.6  319.5
      428.0   6926  -22.1  -40.5     17   0.26    240     37  320.0  321.0  320.0
      400.0   7420  -26.1  -43.1     19   0.21    245     39  321.0  321.8  321.0
      387.0   7655  -28.2  -43.9     21   0.20    240     41  321.3  322.1  321.3
      343.0   8512  -35.9  -46.9     31   0.16    240     37  322.1  322.8  322.1
      336.0   8654  -37.1  -48.5     30   0.14    240     36  322.3  322.9  322.4
      325.0   8884  -39.1  -51.1     27   0.11    240     38  322.7  323.1  322.7
      309.0   9230  -41.1  -62.1      9   0.03    240     40  324.6  324.7  324.6
      300.0   9430  -42.7  -62.7      9   0.03    240     42  325.1  325.2  325.1
      258.0  10426  -51.5  -61.0     31   0.04    245     57  326.5  326.7  326.5
      256.0  10477  -51.9  -60.9     33   0.04    245     56  326.6  326.7  326.6
      250.0  10630  -52.7  -62.7     29   0.03    245     52  327.6  327.7  327.6
      241.0  10867  -53.5  -69.5     12   0.01    245     47  329.8  329.9  329.8
      219.0  11479  -55.1  -72.7     10   0.01    270     64  336.4  336.5  336.4
      205.0  11902  -56.3  -74.9      8   0.01    260     75  341.1  341.1  341.1
      200.0  12060  -56.7  -75.7      7   0.01    255     72  342.8  342.9  342.8
      188.0  12456  -56.1  -78.9      4   0.00    240     60  349.9  349.9  349.9
      181.0  12698  -55.7  -80.8      3   0.00    245     51  354.3  354.3  354.3
      175.0  12914  -55.4  -82.6      2   0.00    260     57  358.3  358.3  358.3
      164.0  13329  -54.8  -85.9      1   0.00    255     72  366.0  366.0  366.0
      159.0  13527  -54.5  -87.5      1   0.00    252     63  369.8  369.8  369.8
      150.0  13900  -55.7  -87.7      1   0.00    245     47  373.9  373.9  373.9
      124.0  15092  -58.8  -89.9      1   0.00    250     37  389.2  389.2  389.2
      100.0  16440  -62.3  -92.3      1   0.00    240     23  407.1  407.1  407.1
       95.0  16756  -62.3  -92.3      1   0.00    255     21  413.1  413.1  413.1
       89.0  17157  -62.3  -92.3      1   0.00    215     18  420.9  420.9  420.9
       86.4  17340  -62.3  -92.3      1   0.00    228     11  424.4  424.5  424.4
       86.0  17368  -62.4  -92.4      1   0.00    230     10  424.8  424.8  424.8
       77.0  18041  -65.2  -94.0      1   0.00    230      2  432.7  432.7  432.7
       70.6  18569  -67.3  -95.3      1   0.00    245      8  439.0  439.0  439.0
       70.0  18620  -67.1  -95.1      1   0.00    255      8  440.5  440.5  440.5
       62.0  19352  -67.6  -95.6      1   0.00     20     12  454.9  454.9  454.9
       61.0  19450  -67.7  -95.7      1   0.00      5     12  456.8  456.8  456.8
       59.0  19653  -67.0  -95.3      1   0.00      0      0  462.8  462.8  462.8
       56.0  19970  -65.9  -94.8      1   0.00    340     12  472.2  472.2  472.2
       55.0  20080  -65.5  -94.5      1   0.00    330     13  475.6  475.6  475.6
       52.0  20421  -64.3  -93.9      1   0.00    235     10  486.0  486.0  486.0
       50.0  20660  -63.5  -93.5      1   0.00    205      6  493.4  493.4  493.4
       46.0  21175  -61.7  -91.7      1   0.00    328      1  509.7  509.7  509.7
       45.0  21311  -61.7  -91.7      1   0.00      0      0  512.9  512.9  512.9
       41.0  21889  -61.6  -91.9      1   0.00    105     11  527.0  527.0  527.0
       38.0  22360  -61.5  -92.0      1   0.00     60     11  538.8  538.8  538.8
       37.0  22526  -61.5  -92.1      1   0.00     30     11  543.0  543.0  543.0
       36.0  22696  -61.4  -92.1      1   0.00     20      3  547.4  547.4  547.4
       33.0  23236  -61.3  -92.3      1   0.00     90     10  561.4  561.4  561.4
       32.4  23350  -61.3  -92.3      1   0.00     69     10  564.4  564.4  564.4
       32.0  23427  -61.0  -92.0      1   0.00     55     10  567.2  567.2  567.2
       30.0  23830  -59.5  -90.5      1   0.00     65     10  581.9  581.9  581.9
       27.0  24500  -57.7  -89.2      1   0.01     45     10  604.6  604.6  604.6
       24.0  25250  -55.8  -87.9      1   0.01     80      6  631.0  631.1  631.0
       21.0  26100  -53.5  -86.3      1   0.01     65     25  662.3  662.4  662.3
       20.0  26410  -52.7  -85.7      1   0.01     70     21  674.1  674.2  674.1
       18.3  26985  -51.5  -84.5      1   0.02     62     18  695.2  695.4  695.2
       18.0  27092  -51.6  -84.6      1   0.02     60     18  698.2  698.3  698.2
       17.2  27387  -51.9  -84.9      1   0.02     32     16  706.4  706.5  706.4
       17.0                                        25     16                     
    

### Station information and sounding indices

    
    
                             Station identifier: SBFL
                                 Station number: 83899
                               Observation time: 160926/1200
                               Station latitude: -27.67
                              Station longitude: -48.55
                              Station elevation: 5.0
                                Showalter index: 13.67
                                   Lifted index: 9.85
        LIFT computed using virtual temperature: 9.76
                                    SWEAT index: 38.00
                                        K index: -35.90
                             Cross totals index: 4.50
                          Vertical totals index: 22.50
                            Totals totals index: 27.00
          Convective Available Potential Energy: 0.00
                 CAPE using virtual temperature: 0.00
                          Convective Inhibition: 0.00
                 CINS using virtual temperature: 0.00
                         Bulk Richardson Number: 0.00
              Bulk Richardson Number using CAPV: 0.00
      Temp [K] of the Lifted Condensation Level: 280.93
    Pres [hPa] of the Lifted Condensation Level: 924.25
         Mean mixed layer potential temperature: 287.34
                  Mean mixed layer mixing ratio: 7.23
                  1000 hPa to 500 hPa thickness: 5594.00
    Precipitable water [mm] for entire sounding: 13.22
    

Description of the [data columns](/upperair/columns.html) or [sounding
indices](/upperair/indices.html).

* * *

_Interested in graduate studies in atmospheric science? Check out our program
at the [University of Wyoming ](http://www.uwyo.edu/atsc/howtoapply/)_

* * *

Questions about the weather data provided by this site can be addressed to [
Larry Oolman (ldoolman@uwyo.edu)](mailto:ldoolman@uwyo.edu)

* * *

